3.141592653589793238462643383279502884197169399375105820974944592307816406286208998628034825342117067982148086513282306647093844609550582231725359408128481117450284102701938521105559644622948954930381964428810975665933446128475648233786783165271201909145648566923460348610454326648213393607260249141273724587006606315588174881520920962829254091715364
36789259036001133053054882046652138414695194151160943305727036575959195309218611738193261179310511854807446237996274956735188575272489122793818301194912983367336244065664308602139494639522473719070217986094370277053921717629317675238467481846766940513200056812714526356082778577134275778960917363717872146844090122495343014654958537105079227968925892
35420199561121290219608640344181598136297747713099605187072113499999983729780499510597317328160963185950244594553469083026425223082533446850352619311881710100031378387528865875332083814206171776691473035982534904287554687311595628638823537875937519577818577805321712268066130019278766111959092164201989380952572010654858632788659361533818279682303019
52035301852968995773622599413891249721775283479131515574857242454150695950829533116861727855889075098381754637464939319255060400927701671139009848824012858361603563707660104710181942955596198946767837449448255379774726847104047534646208046684259069491293313677028989152104752162056966024058038150193511253382430035587640247496473263914199272604269922
79678235478163600934172164121992458631503028618297455570674983850549458858692699569092721079750930295532116534498720275596023648066549911988183479775356636980742654252786255181841757467289097777279380008164706001614524919217321721477235014144197356854816136115735255213347574184946843852332390739414333454776241686251898356948556209921922218427255025
42568876717904946016534668049886272327917860857843838279679766814541009538837863609506800642251252051173929848960841284886269456042419652850222106611863067442786220391949450471237137869609563643719172874677646575739624138908658326459958133904780275900994657640789512694683983525957098258226205224894077267194782684826014769909026401363944374553050682
03496252451749399651431429809190659250937221696461515709858387410597885959772975498930161753928468138268683868942774155991855925245953959431049972524680845987273644695848653836736222626099124608051243884390451244136549762780797715691435997700129616089441694868555848406353422072225828488648158456028506016842739452267467678895252138522549954666727823
98645659611635488623057745649803559363456817432411251507606947945109659609402522887971089314566913686722874894056010150330861792868092087476091782493858900971490967598526136554978189312978482168299894872265880485756401427047755513237964145152374623436454285844479526586782105114135473573952311342716610213596953623144295248493718711014576540359027993
44037420073105785390621983874478084784896833214457138687519435064302184531910484810053706146806749192781911979399520614196634287544406437451237181921799983910159195618146751426912397489409071864942319615679452080951465502252316038819301420937621378559566389377870830390697920773467221825625996615014215030680384477345492026054146659252014974428507325
18666002132434088190710486331734649651453905796268561005508106658796998163574736384052571459102897064140110971206280439039759515677157700420337869936007230558763176359421873125147120532928191826186125867321579198414848829164470609575270695722091756711672291098169091528017350671274858322287183520935396572512108357915136988209144421006751033467110314
12671113699086585163983150197016515116851714376576183515565088490998985998238734552833163550764791853589322618548963213293308985706420467525907091548141654985946163718027098199430992448895757128289059232332609729971208443357326548938239119325974636673058360414281388303203824903758985243744170291327656180937734440307074692112019130203303801976211011
00449293215160842444859637669838952286847831235526582131449576857262433441893039686426243410773226978028073189154411010446823252716201052652272111660396665573092547110557853763466820653109896526918620564769312570586356620185581007293606598764861179104533488503461136576867532494416680396265797877185560845529654126654085306143444318586769751456614068
00700237877659134401712749470420562230538994561314071127000407854733269939081454664645880797270826683063432858785698305235808933065757406795457163775254202114955761581400250126228594130216471550979259230990796547376125517656751357517829666454779174501129961489030463994713296210734043751895735961458901938971311179042978285647503203198691514028708085
99048010941214722131794764777262241425485454033215718530614228813758504306332175182979866223717215916077166925474873898665494945011465406284336639379003976926567214638530673609657120918076383271664162748888007869256029022847210403172118608204190004229661711963779213375751149595015660496318629472654736425230817703675159067350235072835405670403867435
13622224771589150495309844489333096340878076932599397805419341447377441842631298608099888687413260472156951623965864573021631598193195167353812974167729478672422924654366800980676928238280689964004824354037014163149658979409243237896907069779422362508221688957383798623001593776471651228935786015881617557829735233446042815126272037343146531977774160
31990665541876397929334419521541341899485444734567383162499341913181480927777103863877343177207545654532207770921201905166096280490926360197598828161332316663652861932668633606273567630354477628035045077723554710585954870279081435624014517180624643626794561275318134078330336254232783944975382437205835311477119926063813346776879695970309833913077109
87040859133746414428227726346594704745878477872019277152807317679077071572134447306057007334924369311383504931631284042512192565179806941135280131470130478164378851852909285452011658393419656213491434159562586586557055269049652098580338507224264829397285847831630577775606888764462482468579260395352773480304802900587607582510474709164396136267604492
56274204208320856611906254543372131535958450687724602901618766795240616342522577195429162991930645537799140373404328752628889639958794757291746426357455254079091451357111369410911939325191076020825202618798531887705842972591677813149699009019211697173727847684726860849003377024242916513005005168323364350389517029893922334517220138128069650117844087
45196012122859937162313017114448464090389064495444006198690754851602632750529834918740786680881833851022833450850486082503930213321971551843063545500766828294930413776552793975175461395398468339363830474611996653858153842056853386218672523340283087112328278921250771262946322956398989893582116745627010218356462201349671518819097303811980049734072396
10368540664319395097901906996395524530054505806855019567302292191393391856803449039820595510022635353619204199474553859381023439554495977837790237421617271117236434354394782218185286240851400666044332588856986705431547069657474585503323233421073015459405165537906866273337995851156257843229882737231989875714159578111963583300594087306812160287649628
67446047746491599505497374256269010490377819868359381465741268049256487985561453723478673303904688383436346553794986419270563872931748723320837601123029911367938627089438799362016295154133714248928307220126901475466847653576164773794675200490757155527819653621323926406160136358155907422020203187277605277219005561484255518792530343513984425322341576
23361064250639049750086562710953591946589751413103482276930624743536325691607815478181152843667957061108615331504452127473924544945423682886061340841486377670096120715124914043027253860764823634143346235189757664521641376796903149501910857598442391986291642193994907236234646844117394032659184044378051333894525742399508296591228508555821572503107125
70126683024029295252201187267675622041542051618416348475651699981161410100299607838690929160302884002691041407928862150784245167090870006992821206604183718065355672525325675328612910424877618258297651579598470356222629348600341587229805349896502262917487882027342092222453398562647669149055628425039127577102840279980663658254889264880254566101729670
26640765590429099456815065265305371829412703369313785178609040708667114965583434347693385781711386455873678123014587687126603489139095620099393610310291616152881384379099042317473363948045759314931405297634757481193567091101377517210080315590248530906692037671922033229094334676851422144773793937517034436619910403375111735471918550464490263655128162
28824462575916333039107225383742182140883508657391771509682887478265699599574490661758344137522397096834080053559849175417381883999446974867626551658276584835884531427756879002909517028352971634456212964043523117600665101241200659755851276178583829204197484423608007193045761893234922927965019875187212726750798125547095890455635792122103334669749923
56302549478024901141952123828153091140790738602515227429958180724716259166854513331239480494707911915326734302824418604142636395480004480026704962482017928964766975831832713142517029692348896276684403232609275249603579964692565049368183609003238092934595889706953653494060340216654437558900456328822505452556405644824651518754711962184439658253375438
85690941130315095261793780029741207665147939425902989695946995565761218656196733786236256125216320862869222103274889218654364802296780705765615144632046927906821207388377814233562823608963208068222468012248261177185896381409183903673672220888321513755600372798394004152970028783076670944474560134556417254370906979396122571429894671543578468788614445
81231459357198492252847160504922124247014121478057345510500801908699603302763478708108175450119307141223390866393833952942578690507643100638351983438934159613185434754649556978103829309716465143840700707360411237359984345225161050702705623526601276484830840761183013052793205427462865403603674532865105706587488225698157936789766974220575059683440869
73502014102067235850200724522563265134105592401902742162484391403599895353945909440704691209140938700126456001623742880210927645793106579229552498872758461012648369998922569596881592056001016552563756785667227966198857827948488558343975187445455129656344348039664205579829368043522027709842942325330225763418070394769941597915945300697521482933665556
61567873640053666564165473217043903521329543529169414599041608753201868379370234888689479151071637852902345292440773659495630510074210871426134974595615138498713757047101787957310422969066670214498637464595280824369445789772330048764765241339075920434019634039114732023380715095222010682563427471646024335440051521266932493419673977041595683753555166
73027390074972973635496453328886984406119649616277344951827369558822075735517665158985519098666539354948106887320685990754079234240230092590070173196036225475647894064754834664776041146323390565134330684495397907090302346046147096169688688501408347040546074295869913829668246818571031887906528703665083243197440477185567893482308943106828702722809736
24809399627060747264553992539944280811373694338872940630792615959954626246297070625948455690347119729964090894180595343932512362355081349490043642785271383159125689892951964272875739469142725343669415323610045373048819855170659412173524625895487301676002988659257866285612496655235338294287854253404830833070165372285635591525347844598183134112900199
92059813522051173365856407826484942764411376393866924803118364453698589175442647399882284621844900877769776312795722672655562596282542765318300134070922334365779160128093179401718598599933849235495640057099558561134980252499066984233017350358044081168552653117099570899427328709258487894436460050410892266917835258707859512983441729535195378855345737
42608590290817651557803905946408735061232261120093731080485485263572282576820341605048466277504500312620080079980492548534694146977516493270950493463938243222718851597405470214828971117779237612257887347718819682546298126868581705074027255026332904497627789442362167411918626943965067151577958675648239939176042601763387045499017614364120469218237076
48878341968968611815581587360629386038101712158552726683008238340465647588040513808016336388742163714064354955618689641122821407533026551004241048967835285882902436709048871181909094945331442182876618103100735477054981596807720094746961343609286148494178501718077930681085469000944589952794243981392135055864221964834915126390128038320010977386806628
77923971801461343244572640097374257007359210031541508936793008169980536520276007277496745840028362405346037263416554259027601834840306811381855105979705664007509426087885735796037324514146786703688098806097164258497595138069309449401515422221943291302173912538355915031003330325111749156969174502714943315155885403922164097229101129035521815762823283
18234254832611191280092825256190205263016391147724733148573910777587442538761174657867116941477642144111126358355387136101102326798775641024682403226483464176636980663785768134920453022408197278564719839630878154322116691224641591177673225326433568614618654522268126887268445968442416107854016768142080885028005414361314623082102594173756238994207571
36275167457318918945628352570441335437585753426986994725470316566139919996826282472706413362221789239031760854289437339356188916512504244040089527198378738648058472689546243882343751788520143956005710481194988423906061369573423155907967034614914344788636041031823507365027785908975782727313050488939890099239135033732508559826558670892426124294736701
93907727130706869170926462548423240748550366080136046689511840093668609546325002145852930950000907151058236267293264537382104938724996699339424685516483261134146110680267446637334375340764294026682973865220935701626384648528514903629320199199688285171839536691345222444708045923966028171565515656661113598231122506289058549145097157553900243931535190
90210711945730024388017661503527086260253788179751947806101371500448991721002220133501310601639154158957803711779277522597874289191791552241718958536168059474123419339842021874564925644346239253195313510331147639491199507285843065836193536932969928983791494193940608572486396883690326556436421664425760791471086998431573374964883529276932822076294728
23815374099615455987982598910937171262182830258481123890119682214294576675807186538065064870261338928229949725745303328389638184394477077940228435988341003583854238973542439564755568409522484455413923941000162076936368467764130178196593799715574685419463348937484391297423914336593604100352343777065888677811394986164787471407932638587386247328896456
43598774667638479466504074111825658378878454858148962961273998413442726086061872455452360643153710112746809778704464094758280348769758948328241239292960582948619196670918958089833201210318430340128495116203534280144127617285830243559830032042024512072872535581195840149180969253395075778400067465526031446167050827682772223534191102634163157147406123
85042584598841990761128725805911393568960143166828317632356732541707342081733223046298799280490851409479036887868789493054695570307261900950207643349335910602454508645362893545686295853131533718386826561786227363716975774183023986006591481616404944965011732131389574706208847480236537103115089842799275442685327797431139514357417221975979935968525228
57452637962896126915723579866205734083757668738842664059909935050008133754324546359675048442352848747014435454195762584735642161981340734685411176688311865448937769795665172796623267148103386439137518659467300244345005449953997423723287124948347060440634716063258306498297955101095418362350303094530973358344628394763047756450150085075789495489313939
44899216125525597701436858943585877526379625597081677643800125436502371412783467926101995585224717220177723700417808419423948725406801556035998390548985723546745642390585850216719031395262944554391316631345308939062046784387785054239390524731362012947691874975191011472315289326772533918146607300089027768963114810902209724520759167297007850580717186
38105496797310016787085069420709223290807038326345345203802786099055690013413718236837099194951648960075504934126787643674638490206396401976668559233565463913836318574569814719621084108096188460545603903845534372914144651347494078488442377217515433426030669883176833100113310869042193903108014378433415137092435301367763108491351615642269847507430329
71674696406665315270353254671126675224605511995818319637637076179919192035795820075956053023462677579439363074630569010801149427141009391369138107258137813578940055995001835425118417213605572752210352680373572652792241737360575112788721819084490061780138897107708229310027976659358387589093956881485602632243937265624727760378908144588378550197028437
79362407825052704875816470324581290878395232453237896029841669225489649715606981192186584926770403956481278102179913217416305810554598801300484562997651121241536374515005635070127815926714241342103301566165356024733807843028655257222753049998837015348793008062601809623815161366903341111386538510919367393835229345888322550887064507539473952043968079
06708680644509698654880168287434378612645381583428075306184548590379821799459968115441974253634439960290251001588827216474500682070419376158454712318346007262933955054823955713725684023226821301247679452264482091023564775272308208106351889915269288910845557112660396503439789627825001611015323516051965590421184494990778999200732947690586857787872098
29013529566139788848605097860859570177312981553149516814671769597609942100361835591387778176984587581044662839988060061622984861693533738657877359833616133841338536842119789389001852956919678045544828584837011709672125353387586215823101331038776682721157269495181795897546939926421979155233857662316762754757035469941489290413018638611943919628388705
43677743224276809132365449485366768000001065262485473055861598999140170769838548318875014293890899506854530765116803337322265175662207526951791442252808165171667766727930354851542040238174608923283917032754257508676551178593950027933895920576682789677644531840404185540104351348389531201326378369283580827193783126549617459970567450718332065034556644
03449045362756001125018433560736122276594927839370647842645676338818807565612168960504161139039063960162022153684941092605387688714837989559999112099164646441191856827700457424343402167227644558933012778158686952506949936461017568506016714535431581480105458860564550133203758645485840324029871709348091055621167154684847780394475697980426318099175642
28098739987669732376957370158080682290459921236616890259627304306793165311494017647376938735140933618332161428021497633991898354848756252987524238730775595559554651963944018218409984124898262367377146722606163364329640633572810707887581640438148501884114318859882769449011932129682715888413386943468285900666408063140777577257056307294004929403024204
98416565479736705485580445865720227637840466823379852827105784319753541795011347273625774080213476826045022851579795797647467022840999561601569108903845824502679265942055503958792298185264800706837650418365620945554346135134152570065974881916341359556719649654032187271602648593049039787489589066127250794828276938953521753621850796297785146188432719
22322381015874445052866523802253284389137527384589238442253547265309817157844783421582232702069028723233005386216347988509469547200479523112015043293226628272763217790884008786148022147537657810581970222630971749507212724847947816957296142365859578209083073323356034846531873029302665964501371837542889755797144992465403868179921389346924474198509733
46267933210726868707680626399193619650440995421676278409146698569257150743157407938053239252394775574415918458215625181921552337096074833292349210345146264374498055961033079941453477845746999921285999993996122816152193148887693880222810830019860165494165426169685867883726095877456761825072759929508931805218729246108676399589161458550583972742098090
97817293239301067663868240401113040247007350857828724627134946368531815469690466968693925472519413992914652423857762550047485295476814795467007050347999588867695016124972282040303995463278830695976249361510102436555352230690612949388599015734661023712235478911292547696176005047974928060721268039226911027772261025441492215765045081206771735712027180
24296810620377657883716690910941807448781404907551782038565390991047759414132154328440625030180275716965082096427348414695726397884256008453121406593580904127113592004197598513625479616063228873618136737324450607924411763997597461938358457491598809766744709300654634242346063423747466608043170126005205592849369594143408146852981505394717890045183575
51541252235905906872648786357525419112888773717663748602766063496035367947026923229718683277173932361920077745221262475186983349515101986426988784717193966497690708252174233656627259284406204302141137199227852699846988477023238238400556555178890876613601304770984386116870523105531491625172837327286760072481729876375698163354150746088386636406934704
37206688651275688266149730788657015685016918647488541679154596507234287730699853713904300266530783987763850323818215535597323530686043010675760838908627049841888595138091030423595782495143988590113185835840667472370297149785084145853085781339156270760356390763947311455495832266945702494139831634332378975955680856836297253867913275055542524491943589
12840504522695381217913191451350099384631177401797151228378546011603595540286440590249646693070776905548102885020808580087811577381719174177601733073855475800605601433774329901272867725304318251975791679296996504146070664571258883469797964293162296552016879730003564630457930884032748077181155533090988702550520768046303460865816539487695196004408482
06596737947316808641564565053004988161649057883115434548505266006982309315777650037807046612647060214575057932709620478256152471459189652236083966456241051955105223572397395128818164059785914279148165426328920042816091369377737222999833270820829699557377273756676155271139225880552018988762011416800546873655806334716037342917039079863965229613128017
82679717289822936070288069087768660593252746378405397691848082041021944719713869256084162451123980620113184541244782050110798760717155683154078865439041210873032402010685341947230476666721749869868547076781205124736792479193150856444775379853799732234456122785843296846647513336573692387201464723679427870042503255589926884349592876124007558756946413
70562514001179713316620715371543600687647731867558714878398908107429530941060596944315847753970094398839491443235366853920994687964506653398573888786614762944341401049888993160051207678103588611660202961193639682134960750111649832785635316145168457695687109002999769841263266502347716728657378579085746646077228341540311441529418804782543876177079043
00015669867767957609099669360755949651527363498118964130433116627747123388174060373174397054067031096767657486953587896700319258662594105105335843846560233917967492678447637084749783336555790073841914731988627135259546251816043422537299628632674968240580602964211463864368642247248872834341704415734824818333016405669596688667695634914163284264149745
33349999480002669987588815935073578151958899005395120853510357261373640343675347141048360175464883004078464167452167371904831096767113443494819262681110739948250607394950735031690197318521195526356325843390998224986240670310768318446607291248747540316179699411397387765899868554170318847788675929026070043212666179192235209382278788809886335991160819
23535557046463491132085918979613279131975649097600013996234445535014346426860464495862476909434704829329414041114654092398834443515913320107739441118407410768498106634724104823935827401944935665161088463125678529776973468430306146241803585293315973458303845541033701091676776374276210213701354854450926307190114731848574923318167207213727935567952844
39254815609137281284063330393735624200160456645574145881660521666087387480472433912129558777639069690370788285277538940524607584962315743691711317613478388271941686066257210368513215664780014767523103935786068961112599602818393095487090590738613519145918195102973278755710497290114871718971800469616977700179139196137914171627070189584692143436967629
27459109940060084983568425201915593703701011049747339493877885989417433031785348707603221982970579751191440510994235883034546353492349826883624043327267415540301619505680654180939409982020609994140216890900708213307230896621197755306659188141191577836272927461561857103721724710095214236964830864102592887457999322374955191221951903424452307535133806
85680735446499512720317448719540397610730806026990625807602029273145525207807991418429063884437349968145827337207266391767020118300464819000241308350884658415214899127610651374153943565721139032857491876909441370209051703148777346165287984823533829726013611098451484182380812054099612527458088109948697221612852489742555551607637167505489617301680961
38038119143611439921063800508321409876045993093248510251682944672606661381517457125597549535802399831469822036133808284993567055755247129027453977621404931820146580080215665360677655087838043041343105918046068008345911366408348874080057412725867047922583191274157390809143831384564241509408491339180968402511639919368532255573389669537490266209232613
18855891580832455571948453875628786128859004106006073746501402627824027346962528217174941582331749239683530136178653673760642166778137739951006589528877427662636841830680190804609849809469763667335662282915132352788806157768278159588669180238940333076441912403412022316368577860357276941541778826435238131905028087018575047046312933353757285386605888
90458311145077394293520199432197117164223500564404297989208159430716701985746927384865383343614579463417592257389858800169801475742054299580124295810545651083104629728293758416116253256251657249807849209989799062003593650993472158296517413579849104711166079158743698654122234834188772292944633517865385673196255985202607294767407261676714557364981210
56777168934849176607717052771876011999081441130586455779105256843048114402619384023224709392498029335507318458903553971330884461741079591625117148648744686112476054286734367090466784686702740918810142497111496578177242793470702166882956108777944050484375284433751088282647719785400065097040330218625561473321177711744133502816088403517814525419643203
09576018694649088681545285621346988355444560249556668436602922195124830910605377201980218310103270417838665447181260397190688462370857518080035327047185659499476124248110999288679158969049563947624608424065930948621507690314987020673533848349550836366017848771060809804269247132410009464014373603265645184566792456669551001502298330798496079949882497
06172367449361226222961790814311414660941234159359309585407913908720832273354957208075716517187659944985693795623875551617575438091780528029464200447215396280746360211329425591600257073562812638733106005891065245708024474937543184149401482119996276453106800663118382376163966318093144467129861552759820145141027560068929750246304017351489194576360789
35285550531733141645705049964438909363084387448478396168405184527328840323452024705685164657164771393237755172947951261323982296023945485797545865174587877133181387529598094121742273003522965080891777050682592488223221549380483714547816472139768209633205083056479204820859204754998573203888763916019952409189389455767687497308569559580106595265030362
66159750662225084067428898265907510637563569968211510949669744580547288693631020367823250182323708459790111548472087618212477813266330412076216587312970811230758159821248639807212407868878114501655825136178903070860870198975889807456643955157415363193191981070575336633738038272152798849350397480015890519420879711308051233933221903466249917169150948
54140187106035460379464337900589095772118080446574396280618671786101715674096766208029576657705129120990794430463289294730615951043090222143937184956063405618934251305726829146578329334052463502892917547087256484260034962961165413823007731332729830500160256724014185152041890701154288579920812198449315699905918201181973350012618772803681248199587707
02075324063612593134385955425477819611429351635612234966615226147353996740515849986035529533292457523888101362023476246690558164389678630976273655047243486430712184943734853006063876445662721866617012381277156213797461498613287441177145524447089971445228856629424402301847912054784985745216346964489738920624019435183100882834802492490854030778638751
65911302873958787098100772718271874529013972836614842142871705531796543076504534324600536361472618180969976933486264077435199928686323835088756683595097265574815431940195576850437248001020413749831872259677387154958399718444907279141965845930083942637020875635398216962055324803212267498911402678528599673405242031091797899905718821949391320753431707
98002373659098537552023891164346718558290685371189795262623449248339249634244971465684659124891855662958932990903523923333364743520370770101084388003290759834217018554228386161721041760301164591878053936744747205998502358289183369292233732399948043710841965947316265482574809948250999183300697656936715968936449334886474421350084070066088359723503953
23401795825570360169369909886711321097988970705172807558551912699306730992507040702455685077867906947661262980822516331363995211709845280926303759224267425755998928927837047444521893632034894155210445972618838003006776179313813991620580627016510244588692476492468919246121253102757313908404700071435613623169923716948481325542009145304103713545329662
06392105479824392125172540132314902740585892063217589494345489068463993137570910346332714153162232805522972979538018801628590735729554162788676498274186164218789885741071649069191851162815285486794173638906653885764229158342500673612453849160674137340173572779956341043326883569507814931378007362354180070619180267328551191942676091221035987469241172
83749312616339500123959924050845437569850795704622266461900010350049018303415354584283376437811198855631877779253720116671853954183598443830520376281944076159410682071697030228515225057312609304689842343315273213136121658280807521263154773060442377475350595228717440266638914881717308643611138906942027908814311944879941715404210341219084709408025402
39329429454938786402305129271190975135360009219711054120966831115163287054230284700731206580326264171161659576132723515666625366727189985341998952368848309993027574199164638414270779887088742292770538912271724863220288984251252872178260305009945108247835729056919885554678860794628053712270424665431921452817607414824038278358297193010178883456741678
11398954750448339314689630763396657226727043393216745421824557062524797219978668542798977992339579057581890622525473582205236424850783407110144980478726691990186438822932305382318559732869780922253529591017341407334884761005564018242392192695062083183814546983923664613639891012102177095976704908305081854704194664371312299692358895384930136356576186
10606222870559942337163102127845744646398973818856674626087948201864748767272722206267646533809980196688368099415907577685263986514625333631245053640261056960551318381317426118442018908885319635698696279503673842431301133175330532980201668881748134298868158557781034323175306478498321062971842518438553442762012823457071698853051832617964117857960888
81503296022907056144762209150947390359466469162353968092013945781758910889319921122600739281491694816152738427362642980982340632002440244958944561291670495082358124873917996486411334803247577752197089327722623494860150466526814398770516153170266969297049283162855042128981467061953319702695072143782304768752802873541261663917082459251700107141808548
00636923259462019002278087409859771921805158532147392653251559035410209284665925299914353791825314545290598415817637058927906909896911164381187809435371521332261443625314490127454772695739393481546916311624928873574718824071503995009446731954316193855485207665738825139639163576723151005556037263394867208207808653734942440115799667507360711159351331
95919712094896471755302453136477094209463569698222667377520994516845064362382421185353488798939567318780660610788544000550827657030558744854180577889171920788142335113866292966717964346876007704799953788338787034871802184243734211227394025571769081960309201824018842705704609262256417837526526335832424066125331152942345796556950250681001831090041124
53790153329661569705223792103257069370510908307894799990049993953221536227484766036136776979785673865846709366795885837887956259464648913766521995882869338018360119323685785585581955560421562508836502033220245137621582046181067051953306530606065010548871672453779428313388716313955969058320834168984760656071183471362181232462272588419902861420872849
56879639325464285343075301105285713829643709990356948885285190402956047346131138263878897551788560424998748316382804046848618938189590542039889872650697620201995548412650005394428203930127481638158530396439925470201672759328574366661644110962566337305409219519675148328734808957477775278344221091073111351828046036347198185655572957144747682552857863
34934285842311874944000322969069775831590385803935352135886007960034209754739229673331064939560181223781285458431760556173386112673478074585067606304822940965304111830667108189303110887172816751957967534718853722930961614320400638132246584111115775835858113501856904781536893813771847281475199835050478129771859908470762197460588742325699582889253504
19379582606162118423687685114183160683158679946016520577405294230536017803133572632670547903384012573059123396018801378254219270947673371919872873852480574212489211834708766296672072723256505651293331260595057777275424712416483128329820723617505746738701282095755443059683955556868611883971355220844528526400812520276655576774959696266126045652456840
86139238265768583384698499778726706555191854468698469478495734622606294219624557085371272776523098955450193037732166649182578154677292005212667143463209637891852323215018976126034373684067194193037746880999296877582441047878123266253181845960453853543839114496775312864260925211537673258866722604042523491087026958099647595805794663973419064010036361
90404203311357933654242630356145700901124480089002080147805660371015412232889146572239314507607167064355682743774396578906797268743847307634645167756210309860409271709095128086309029738504452718289274968921210667008164858339553773591913695015316201890888748421079870689911480466927065094076204650277252865072890532854856143316081269300569378541786109
69692025388650345771831766868859236814884752764984688219497397297077371871884004143231276365048145311228509900207424092558592529261030210673681543470152523487863516439762358604191941296976904052648323470099111542426012734380220893310966863678986949779940012601642276092608234930411806438291383473546797253992623387915829984864592717340592256207491053
08531537182911681637219395188700957788181586850464507699343940987433514431626330317247747486897918209239480833143970840673084079589358108966564775859905563769525232653614424780230826811831037735887089240613031336477371011628214614661679404090518615260360092521947218890918107335871964142144478654899528582343947050079830388538860831035719306002771194
55802191194289992272235345870756624692617766317885514435021828702668561066500353105021631820601760921798468493686316129372795187307897263735371715025637873357977180818487845886650433582437700414771041493492743845758710715973155943942641257027096512510811554824793940359768118811728247215825010949609662539339538092219559191818855267806214992317276316
32183398969380756168559117529984501320671293924041445938623988093812404521914848316462101473891825101090967738690664041589736104764365000680771056567184862814963711188321924456639458144914861655004956769826903089111856879869294705135248160917432430153836847072928989828460222373014526556798986277679680914697983782687643115988321090437156112997665215
39635464420869197567370005738764978437686287681792497469438427465256316323005551304174227341646455127812784577772457520386543754282825671412885834544435132562054464241011037955464190581168623059644769587054072141985212106734332410756767575818456990693046047522770167005684543969234041711089888993416350585157887353430815520811772071880379104046983069
57868547393765643363197978680367187307969392423632144845035477631567025539006542311792015346497792906624150832885839529054263768766896880503331722780018588506973623240389470047189761934734430843744375992503417880797223585913424581314404984770173236169471976571535319775499716278566311904691260918259124989036765417697990362375528652637573376352696934
43544004730671988689019681474287677908669796885225016369498567302175231325292653758964151714795595387842784998664563028788319620998304945198743963690706827626574858104391122326187940599415540632701319898957037611053236062986748037791537675115830432084987209202809297526498125691634250005229088726469252846661046653921714820801305022980526378364269597
33707053922789153510568883938113249757071331029504430346715989448786847116438328050692507766274500122003526203709466023414648998390252588830148678162196775194583167718762757200505439794412459900771152051546199305098386982542846407255540927403132571632640792934183342147090412542533523248021932277075355546795871638358750181593387174236061551171013123
52563348582036514614187004920570437201826173319471570086757853933607862273955818579758725874410254207710547536129404746010009409544495966288148691590389907186598056361713769222729076419775517772010427649694961105622059250242021770426962215495872645398922769766031052498085575947163107587013320886146326641259114863388122028444069416948826152957762532
50198703598706743804698219420563812558334364219492322759372212890564209430823525440841108645453694049692714940033197828613181861888111184082578659287574263844500599442295685864604810330153889114994869354360302218109434667640000223625505736312946262960961987605642599639461386923308371962659547392346241345977957485246478379807956931986508159776753505
53918991151335252298736112779182748542008689539658359421963331502869561192012298889887006079992795411188269023078913107603617634779489432032102773359416908650071932804017163840644987871753756781185321328408216571107549528294974936214608215583205687232185574065161096274874375098092230211609982633033915469494644491004515280925089745074896760324090768
98365294065792019831526541065813682379198409064571246894847020935776119313998024681340520039478194986620262400890215016616381353838151503773502296607462795291038406868556907015751662419298724448271942933100485482445458071889763300323252582158128032746796200281476243182862217105435289834820827345168018613171959332471107466222850871066611770346535283
95776259977446721857158161264111432717943478859908928084866949141390977167369002777585026866465405659503948678411107901161040085727445629384254941675946054871172359464291058509099502149587931121961359083158826206823321561530868337308381732793281969838750870834838804638847844188400318471269745437093732983624028751979208023218787448828728437273780178
27008058782410749357514889978911739746129320351081432703251409030487462262942344327571260086642508333187688650756429271605525289544921537651751492196367181049435317858383453865255656640657251363575064353236508936790431702597878177190314867963840828810209461490079715137717099061954969640070867667102330048672631475510537231757114322317411411680622864
20638890621019235522354671166213749969326932173704310598722503945657492461697826097025335947502091383667377289443869640002811034402608471289900074680776484408871134135250336787731679770937277868216611786534423173226463784769787514433209534000165069213054647689098505020301504488083426184520873053097318949291642532293361243151430657826407028389840984
16029503092418971209716016492656134134334222988279099217860426798124572853458013382609958771781131021673402565627440072968340661984806766158050216918337236803990279316064204368120799003162644491461902194582296909921227885539487835383056468648816555622943156731282743908264506116289428035016613366978240517701552196265227254558507386405852998303791803
50432876703809252167907571204061237596327685674845079151147313440001832570344920909712435809447900462494313455028900680648704293534037436032625820535790118395649089354345101342969617545249573960621490288728932792520696535386396443225388327522499605986974759882329916263545973324445163755334377492928990581175786355555626937426910947117002165411718219
75051983178713710605106379555858890556885288798908475091576463907469361988150781468526213325247383765119299015610918977792200870579339646382749068069876916819749236562422608715417610043060890437797667851966189140414492527048088197149880154205778700652159400928977760133075684796699295543365613984773806039436889588764605498387147896848280538470173087
11177611596635050399793438693391197898871091565417091330826076474063057114110988393880954814378284745288383680794188843426662220704387228874139478010177213922819119923654055163958934742639538248296090369002883593277458550608013179884071624465639979482757836501955142215513392819782269842786383916797150912624105487257009240700454884856929504481107380
87996547481568913935380943474556972128919827177020766613602489581468119133614121258783895577357194986317210844398901423948496659251731388171602663261931065366535041473070804414939169363262373767777095850313255990095762731957308648042467701212327020533742667053142448208168130306397378736642483672539837487690980602182785786216512738563513290148903509
88327061725893257536399397905572917516009761545904477169226580631511102803843601737474215247608515209901615858231257159073342173657626714239047827958728150509563309280266845893764964977023297364131906098274063353108979246424213458374090116939196425045912881340349881063540088759682005440836438651661788055760895689672753153808194207733259791727843762
56611843198910250074918290864751497940031607038455494653859460274524474668123146879434416109933389089926384118474252570445725174593257389895651857165759614812660203107976282541655905060424791140169579003383565748692528007430256234194982864679144763227740055294609039401775363356554719310001754300475047191448998410400158679461792416100164547165513370
74073950260442769538553834397550548871099785205401175169747581344926079433689543783221172450687344231989878844128542064742809735625807066983106979935260693392135685881391214807354728463227784908087002467776303605551232386656295178853719673034634701222939581606792509153217489030840886516061119011498443412350124646928028805996134283511884715449771278
47336176628506216977871774382436256571177945006447771837022199910669502165675764404499794076503799995484500271066598781360380231412683690578319046079276529727769404361302305178708054651154246939526512710105292707030667302444712597393995051462840476743136373997825918454117641332790646063658415292701903027601733947486696034869497654175242930604072700
50590395031485229213925755948450788679779252539317651564161971684435243697944473559642606333910551268260615957262170366985064732812667245219890605498802807828814297963366967441248059821921463395657457221022986775997467381260693670691340815594120161159601902377535255563006062479832612498812881929373434768626892192397778339107331065882568137771723283
15329082525092733047850724977139448333892552081175608452966590553940965568541706001179857293813998258319293679100391844099286575605993598910002969864460974714718470101531283762631146774209145574041815908800064943237855839308530828305476076799524357391631221886057549673832243195650655460852881201902363644712703748634421727257879503428486312944916318
47534753143504139209610879605773098720135248407505763719925365047090858251393686346386336804289176710760211115982887553994012007601394703366179371539630613986365549221374159790511908358829009765664730073387931467891318146510931676157582135142486044229244530411316065270097433008849903467540551864067734260358340960860553374736276093565885310976099423
83473822220872924644976845605795625167655740884103217313456277358560523582363895320385340248422733716391239732159954408284216666360232965456947035771848734420342277066538373875061692127680157661810954200977083636043611105924091178895403380214265239489296864398089261146354145715351943428507213534530183158756282757338982688985235577992957276452293915
67477566676051087887648453493636068278050564622813598885879259940946446041705204470046315137975431737187756039815962647501410906658866162180038266989961965580587208639721176995219466789857011798332440601811575658074284182910615193917630059194314434605154047710570054339000182453117733718955857603607182860506356479979004139761808955363669603162193113
25022385179167205518065926351803625121457592623836934822266589557699466049193811248660909979812857182349400661555219611220720309227764620099931524427358948871057662389469388944649509396033045434084210246240104872332875008174917987554387938738143989423801176270083719605309438394006375611645856094312951759771393539607432279248922126704580818331376416
58182695621058728924477400359470092686626596514220506300785920024882918608397437323538490839643261470005324235406470420894992102504047267810590836440074663800208701266642094571817029467522785400745085523777208905816839184465928294170182882330149715542352359117748186285929676050482038643431087795628929254056389466219482687110428281638939757117577869
15430165058602965217459581988878680408110328432739867198621306205559855266036405046282152306154594474489908839081999738747452969810776201487134000122535522246695409315213115337915798026979555710508507473874750758068765376445782524432638046143042889235934852961058269382103498000405248407084403561167817170512813378805705643450616119330424440798260377
95119854869455915205196009304127100727784930155503889536033826192934379708187432094991415959339636811062755729527800425486306005452383915106899891357882001941178653568214911852820785213012551851849371150342215954224451190020739353962740020811046553020793286725474054365271759589350071633607632161472581540764205302004534018357233829266191530835409512
02263291650544261236191970516138393573266937601569144299449437448568097756963031295887191611292946818849363386473927476012269641588489009657170861605981472044674286642087653347998582220906198021732116142304194777549907387385679411898246609130916917722742072333676350326783405863019301932429963972044451792881228544782119535308989101253429755247276357
30226281382091807439748671453590778633530160821559911314144205091447293535022230817193663509346865858656314855575862447818620108711889760652969899269328178705576435143382060141077329261063431525337182243385263520217735440715281898137698755157574546939727150488469793619500477720970561793913828989845327426227288647108883270173723258818244658436249580
59256033810521560620615571329915608489206434030339526226345145428367869828807425142256745180618414956468611163540497189768215422772247947403357152743681940989205011365340012384671429655186734415374161504256325671343024765512521921803578016924032669954174608759240920700466934039651017813485783569444076047023254075555776472845075182689041829396611331
01601311190773986324627782190236506603740416067249624901374332172464540974129955705291424382080760983648234659738866913499197840131080155813439791948528304367390124820824448141280954437738983200598649091595053228579145768849625786658859991798675205545580990045564611787552493701245532171701942828846174027366499784755082942280202329012216301023097721
51569446427909802190826689868834263071609207914085197695235553488657743425277531197247430873043619511396119080030255878387644206085044730631299277888942729189727169890575925244679660189707482960949190648764693702750773866432391919042254290235318923377293166736086996228032557185308919284403805071030064776847863243191000223929785255372375566213644740
09676053943983823576460699246526008909062410590421545392790441152958034533450025624410100635953003959886446616959562635187806068851372346270799732723313469397145628554261546765063246567662027924520858134771760852169134094652030767339184114750414016892412131982688156866456148538028753933116023229255561894104299533564009578649534093511526645402441877
59493169305604486864208627572011723195264050230997745676478384889734643172159806267876718380052476968840849891850861490034324034767426862459523958903585821350064509981782446360873177543788596776729195261112138591947254514003011805034378752776644027626189410175768726804281766238606804778852428874302591452470739505465251353394595987896197789110418902
92943818567205070964606263541732944649576612651953495701860015412623962286413897796733329070567376962156498184506842263690367849555970026079867996261019039331263768556968767029295371162528005543100786408728939225714512481135778627664902425161990277471090335933309304948380597856628844787441469841499067123764789582263294904679812089984857163571087831
19184863025450162092980582920833481363840542172005612198935366937133673339246441612522319694347120641737549121635700857369439730597970971972666664226743111776217640306868131035189911227133972403688700099686292254646500638528862039380050477827691283560337254825579391298525150682996910775425764748832534141213280062671709400909822352965795799780301828
24284902214707481111240186076134151503875698309186527806588966823625239378452726345304204188025084423631903833183845505223679923577529291069250432614469501098610888999146585518818735825281643025209392852580779697376208456374821144339881627100317031513344023095263519295886806908213558536801610002137408511544849126858412686958991741491338205784928006
98255195740201818105641297250836070356851055331787840829000041552511865779453963317538532092149720526607831260281961164858098684587525129997404092797683176639914655386108937587952214971731728131517932904431121815871023518740757222100123768721944747209349312324107065080618562372526732540733324875754482967573450019321902199119960797989373383673242576
10393898534927877747398050808001554476406105352220232540944356771879456543040673589649101761077594836454082348613025471847648518957583667439979150851285802060782055446299172320202822291488695939972997429747115537185892423849385585859540743810488262464878805330427146301194158989632879267832732245610385219701113046658710050008328517731177648973523092
66612345888731028835156264460236719966445547276083101187883891511493409393447500730258558147561908813987523578123313422798665035227253671712307568610450045489703600795698276263923441071465848957802414081584052295369374997106655948944592462866199635563506526234053394391421112718106910522900246574236041300936918892558657846684612156795542566054160050
71276641766056874274200329577160643448606201239821698271723197826816628249938714995449137302051843669076723577400053932662622760323659751718925901801104290384274185507894887438832703063283279963007200698012244365116394086922220745320244624121155804354542064215121585056896157356414313068883443185280853975927734433655384188340303517822946253702015782
15737326552318576355409895403323638231921989217117744946940367829618592080340386757583411151882417743914507736638407188048935825686854201164503135763335550944031923672034865101056104987272647213198654343545040913185951314518127643731043897250700498198705217627249406521461995923214231443977654670835171474936798618655279171582408065106379950018429593
87991583501715807598837849622573985121298103263793762183224565942366853767991131401080431397323354490908249104991433258432988210339846981417157560108297065830652113470768036806953229719905999044512090872757762253510409023928887794246304832803191327104954785991801969678353214644411892606315266181674431935508170818754770508026540252941092182648582138
57526688155584113198560022135158887210365696087515063187533002942118682221893775546027227291290504292259787710667873840000616772154638441292371193521828499824350920891801685572798156421858191197490985730570332667646460728757430565372602768982373259745084479649545648030771598153955827779139373601717422996027353102768719449444917939785144631597314435
35185049141394155732938204854212350817391254974981930871439661513294204591938010623142177419918406018034794988769105155790555480695387854006645337598186284641990522045280330626369562649091082762711590385699505124652999606285544383833032763859980079292284665950355121124528408751622906026201185777531374794936205549640107300134885315073548735390560290
89335264007132747326219603117734339436733857591245081493357369116645412817881714540230547506671365182582848980995121391939956332413365567770980030819102720409971486874181346670060940510214626902804491596465453301077546954130887141653125448130611924078211886900560277818242350226961893443525476335735364856193632544177566139817039306328721669057222597
45209192917262199844409646158269456380239502837121686446561785235565164127712826918688615572716201474934052276946595712198314943381622114006936307430444173284786101777743837977037231795255434107223445512555589998646183876764903972461167959018100035098928641204195163551108763204267612979826529425882951141275841262732790798807559751851576841264742209
47972184330935297266521001566251455299474512763155091763673025946213293019040283795424632325855030109670692272022707486341900543830265068121414213505715417505750863990767394633514620908288893493837643939925690060406731142209331219593620298297235116325938677224147791162957278075239505625158160313335938231150051862689053065836812998810866326327198061
12715488587980934879129137074982305759290918629391950147211975860672700925477180257503377307993971345395326461952699965963856549175904583335857991020127132045839032008538788816336376851820837278851311752277696097879621423721625452145912818317982160441113116714069148271709810154577819392023115638719508050246797257924976057726259133285597263712112019
05720771409148645074094926718035815157571514050397610963846755569298970383547314100223802583468767350129775413279532060971154506484212185936490997917766874774481882870632315515865032898164228288232746866106592732197907162384642153489852476216789050260998045266483929542357287343977680495774091449538391575565485459058976495198513801007958010783759945
77529919670054760225255203445398871253878017196071816407812484784725791240782454436168234523957068951427226975043187363326301110305342333582160933319121880660826834142891041517324721605335584999322454873077882290525232423486153152097693846104258284971496347534183756200301491570327968530186863157248840152663983568956363465743532178349319982554211730
84677452970858395076164582296303244243282377374505170285606980678895217681981567107816334052667595394249262807569683261074953233905362230908070814559198373553777487420290390181429373115293346444681512129450975965343062842153194457271186149000176505581770953024688752632501197052094761594167687277844720001927891372518416228577837922844390843011811214
96366424659033634194540657183544771912446621259392656620306888520055599121235363718226922531781458792593750441448933981608657900876165024635197045828895481793756681046474614105142498870252139936870509372305447734112641354892806841059107716677821238332810262185587751312721179344448201440425745083063944738363793906283008973306241380614589414227694747
93166571762318247216835067807648757342049155762821758397297513447899069658953254894033561561316740327647246921250575911625152965456854463349811431767025729566184477548746937846423373723898192066204851189437886822480727935202250179654534375727416391079197295295081294292220534771730418447791567399173841831171036252439571615271466900581470000263301045
26435478659032907332054683388720787354447626479252976901709120078741837367350877133769776834963442524199499513883150748775374338494582597655609965559543180409201784971846854973706962120885243770138537576814166327224126344239821529416453780004925072627651507890850712659970367087266927643083772296859851691223050374627443108529343052730788652839773352
46017463527703205938179125396915621063637625882937571373840754406468964783100704580613446731271591194608435935825987782835266531151065041623295329047772174083559349723758552138048305090009646676088301540612824308740645594431853413755220166305812111033453120745086824339432159043594430312431227471385842030390106070940315235556172767994160020393975099
89762933532585557562480899669182986422267750236019325797472674257821111973470940235745722227121252685238429587427350156366009318804549333898974157149054418255973808087156528143010267046028431681923039253529779576586241439270154974087927313105163611913757700892956482332364829826302460797587576774537716010249080462430185652416175665560016085912153455
62676021926899828553778725831451440826545834844094784631787773747946535801699607794055687011923286080411309046293508718271259346687127666948738998245985277864995691654640294589350649643358098247659651651420909867552038083092032304873427034682887516040715466538346196112230137594515792526967436425319273900360386082364507626988274976187235754767628899
50752114804852527950845033958570838130476937881321123674281319487950228066320170022460331989671970649163741175854851878484012054844672588851401562725019821719066960812627785485964818369621410721714214986361918774754509650308957099470934337856981674465828267911940611956037845397855839240761276344105766751024307559814552786167815949657062559755074306
52108530159790807334373607943286675789053348366955548680391343372015649883422089339997164147974693869690548008919306713805717150585730714881564992071408675825960287605645978242377024246980532805663278704192676846711626687946348695046450742021937394525926266861355294062478136120620263649819999949840514386828525895634226432870766329930489172340072547
17641886853513723326678779217383475414800228033929973579361524127558295692768372312347989894462743304545667900620324205163962825884430854383072014956721064605332385372031432421126074244858450945804940818209276391400085404220235562602185643489941454399504109805918179488826280520664410863190016885681551692294862030107388971810077092905904807490924271
41018933542818429995988169660993836961644381528877214085268088757488293258735809905670755817017949161906114001908553744882726200936685604475596557476485674008177381703307380305476973609786543859382187220583902344443508867499866506040645874346005331827436296177862518081893144363251205107094690813586440519229512932450078833398788429339342435126343365
20438581291283434529730865290978330067126179813031679438553572629699874035957045845223085639009891317947594875212639707837594486113945196028675121056163897600888009274611586080020780334159145179707303683519697776607637378533301202412011204698860920933908536577322239241244905153278095095586645947763448226998607481329730263097502881210351772312446509
53496536930900186377640940943498373132513218620802148099226855029484546618147155574447096695301776904342720318927706047177845279391604722815343798035396798614243709566832214914654380145938292773933960327540480095522318166673803571839327570771420467238386246178039762923771312095807893638414479298025880655221292620936239306373134966401866195108115834
71173312025805866727639992763579078063818813069156366274125431259589936119647626101405563503399523140323113819656236327198961837254845333702062563464223952766943568376761368711962921818754576081617053031590728828700712313666308722754918661395773730546065997437810987649802414011242142773668082751390959313404155826266789510846776118665957660165998178
08941498575497628438785610026379654317831363402513581416115190209649913354873313111502270068193013592959597164019719605362503355847998096348871803911161281359596856547886832585643789617315976200241962155289629790481982219946226948713746244472909345647002853769495885959160678928249105441251599630078136836749020937491573289627002865682934443134234735
12392982591667395034259958689706972673325827359031212887466604514614878503461428277659916080903986525757172630818334944418201935333850712923457743755793440621787113300631060033240539916936826037461766385657588775802012293663532702671006812618251729146082025418928859352444910701382062115538277935652969145765020486432828655579347072096348073726921411
86895467322767751335690190153723669036865389161291688887876407525493494249733427181178892759931596719354758988097924525262363659036320070854440784544797348291802082044926670634420437555325050527522833778887040804033531923407685630109347772125639088640413101073817853338316038135280828119040832564401842053746792992622037698718018061122624490909242641
98582086175117711378905160914038157500336642415609521632819712233502316742260056794128140621721964184270578432895980288233505982820819666624903585778994033315227481777695284368163008853176969478369058067106482808359804669884109813515865490693331952239436328792399053481098783027450017206543369906611778455436468772363184446476806914282800455107468664
53928053994091087549391660957316197150331669683099294663491427987808422572206971488755806374803088629951184731871247772919100702275888934869394562895158029653721504096031077612898312635899648934102470360366450586872875890514068412381242473863854279082827338279733268855049358743031602747490631295723497426112215174171531336186224109138695006888358989
62349276317316478340077460886655598733382113829928776911495492184192087771606068472874673681886167507221017261103830671787856694812948785048943063086169948798703160515884108282351274153538513365895332948629494495061868514779105804696039069372662670386512905201137810858616188886947957607413585534585151768051973334433495230120395770739623771316030242
88720053732099825300897761897312981788194467173116064723147624845755192873278282512718244680782421521646956781929409823892628494376024885227900362021938669648221562809360537317804086372726842669642192994681921490870170753336109479138180406328738759384826953558307739576144799727000347288018278528138950321798634521611106660883931405322694490545552786
78944175792024400214507801920998044613825478058580484424164047750315360549065914300781583724301231375115622840158386442708907182848167575271238467824595343344496220100960710513706084618011875431207254913349942476171156333214089346091565615506003173842187015702261031019166038870646614388977363187809407115275281746895764015810470169652475577408916445
68677717158500583269943401677202156767724068128366565264122982439465133197359199709403275938502669557470231813203243716420586141033606524536939160050644953060161267822648942437397166717661231048975031885732165554988342121802846912529086101485527815277625623750456375769497734336846015607727035509629049392487088406281067943622418704747008368842671022
55830240359984164595112248527263363264511401739524808619463584078375355688562231711552094722306543709260679735100056554938122457548372854571179739361575616764169289580525729752233855861138832217110736226581621884244317885748879810902665379342666421699091405653643224930133486798815488662866505234699723557473842483059042367714327879231642240387776433
01926001922847783138376325361210253369358126240868666997382759773656822279072158324788886423693463961643633087301398142114303060087306661648036789840913359262934023043249749268878316436026810113095707161419128306865773235326396536773903176613613159655535849993986005651559219367599777179330197446881483711032065036931928945214026509154651843099365534
93337183425298433679915939417466223900389527673813330617747629574943868716978453767219493506590875711917720875477107189937960894774512654757501871194870738736785890200617373321075693302216320628432065671192096950585761173961632326217708945426214609858410237813215817727602222738133495410481003073275107799948991977963883530734443457532975914263768405
44226478421606312276964696715647399904371590332390656072664411643860540483884716191210900870101913072607104411414324197679682854788552477947648180295973604943970047959604029274629920357209976195014034831538094771460105633344699882082212058728151072918297121191787642488035467231691654185225672923442918712816323259696541354858957713320833991128877591
72261152733790103413620856145779923987783250835507301998184590259583559892605532996737704917224549353296833000022301815172265757875240588322490858212800897479093261007625787704286560069961762121768454789964407050662417102133274867962374302291553582007801411653480656474882306150033920689837947662550365498228053296628621179306284301704924023019857199
78948836897183043805182174419147660429752437251683435411217038631379411422095295885798060152938752753799030938871683572095760715221900279379292786303637268765822681241993384808166021603722154710143007377537792699069587121289288019052031601285861825494413353820784883465311632650407642428390870121015194231961652268422003711230464300673442064747718021
35307012409886035339915266792387110170622186588357378121093517977560442563469499978725112544085452227481091487430725986960204027594117894258128188215995235965897918114407765335432175759525553615812800116384672031934650729680799079396371496177431211940202129757312516525376801735910155733815377200195244454362007184847566341540744232862106099761324348
75488474345396659813387174660930205350702719529839432714253711557666000257844230310734295515339450604862227649666876240793243531929926392537310768921353525723210808898193391686682789482811704726245019484097009757609209837240900747179733407881418251958425980962417476101382526439551352593118850456362641883003385396524359974169313228947198783084276004
01368074703904097238473945834896186539790594118599310356168436869219485382055780395773881360679549900085123259442529724486666766834641402189915944565309423440650667851948417766779470472041958822043295380326310537494883122180391279678446100139726753892195119117836587662528083690053249004597410947068772912328214304635337283519953648274325833119144459
01780960778288358373011185754365995898272453192531058811502630754257149394302445393187017992360816661130542625399583389794297160207033876781503301028012009599725222228080142357109476035192554443492998676781789104555906301595380976187592035893734197896235893112598390259831026719330418921510968915622506965911982832345550305908173073519550372166587028
80539921385760370353771051780212801295668419841403628727256232144287543022109094727210734741349755141907370433182766261772759968888260272252471336833534528166927795913288613817663498577289369009657495622871030243625907724122190943008717556926257580657099120166596224360802428700245473620363948412559548817272724736534677836472019183039987176270375157
24649922289467932322693619177641614618795613956699567783068290316589699430767333508234990790624100202506134057344300695745474682175690441651540636584680463692621274211075399042188716127617787014258864825775223889184599523376292377915585744549477361295525952226578636462118377598473700347971408206994145580719080213590732269233100831759510659019121294
79540860364075735875020589020870457967000705526250581142066390745921527330940682364944159089100922029668052332526619891131184201629163107689408472356436680818216865721968826835840278550078280404345371018365109695178233574303050485265373807353107418591770561039739506264035544227515610110726177937063472380499066692216197119425912044508464174638358993
82399465173955090008594799901360266742614942900664671150671754221770387745076735637421547829059110126191575558702389570014051178226469899449179083017954758767601680941001358376135785913569244556477644641786671153919513576961048649224900834467154863830544779143300976804868783481846727337584368927243104474068076852786255851650920882638132336231487333
36714764520450876627614950389949504809560460989604329123358348859990294526400284994280878624039811814884767301216754161106629995553668193123287425702063738352020086863691311733469731741219153633246745325630871347302792174956227014687325867891734558379964351358800959350877556356248810493852999007675135513527792412429277488565888566513247302514710210
57535251651181485090275047684551825209633189906852761443513821366215236889057878669943228881602837748203550601602989400911971385017987168363374413927597364401700701476370665570350433812111357641501845182141361982349515960106475271257593518530433287553778305750956742544268471221961870917856078393614451138333564910325640573389866717812397223751931643
06170138595394743678433926709867124522111896908402363274114966012434830989299417380305884171666130730400675883804321115553794406054977217059428215148861656727712409033877277456290971101348851843741186956554497457368452180669829110450580042998879538990278043835962824094218605562877884288021275538848037286400194416142574999042720095952046541705981049
89967504511936471172772220436102614079750809686975176600237187748348016120310234680567112644766123747627852190241202569943534716226660893675219833111813511146503854895025120655772636145473604426859498074396932331297127377157347099713952291182653485155587137336629120242714302503763269501350911612952993785864681307226486008270881333538193703682598867
89332123832705329762585738279009782646054559855513183668884462826513379849166783940976135376625179825824966345877195012438404035914084920973375464247448817618407002356958017741017769692507781489338667255789856458985105689196092439884156928069698335224022563457049731224526935419383700484318335719651662672157552419340193309901831930919658292096965624
76676836596470195957547393455143374137087615173236772042273856742791706982045499530959188724349395240944416789988463198455048523936629720797774528143994182567894577957125524268260899408633173715388962628896294021121088844273765686245276121303710173007851357154045330415079594477761435974378037424366469732471384104921243141389035790924160364063140381
49831481905251720937103964026808994832572297954564042701757722904173234796073618787889913318305843069394825961318713816423467218730845133877219086975104942843769325024981656673816260615941768252509993741672883951744066932549653403101452225316189009235376486378482881344209870048096227171226407489571939002918573307460104360729190945767994614929290427
98168772942648772995285843464777538690695014898413392454039414468026362540211861431703125111757764282991464453340892097696169909837265236176874560589470496817013697490952307208268288789073019001825342580534342170592871393173799314241085264739094828459641809361413847583113613057610846236683723769591349261582451622155213487924414504175684806412063652
01703863301295327776990231186480200675569056822950163549319923059142463962170253297475731140942201801993680350264956369558664259067626856873721103391567938398957655651931778830002416135395624377778408017488193730950206999008908993280883974303677365955248913001566332940779071396154645340887915103006513219344866732482759079468078798194250195826223203
95131252014109960531260696555404248670549986786923021746989009547850725672978794769888831093487464426400718183160331655511534276155622405474473378049246214952133258527698847336269182649174338987824789278468918828054669982303689939783413747587025805716349413568433929396068192061773331791738208562436433635359863494496890781064019674074436583667071586
92452118299789380407713750129085864657890577142683358276897855471768718442772612050926648610205153564284063236848180728794071712796682006072755955590404023317874944734645476062818954151213916291844429765106694796935401686601005519607768733539651161493093757096855455938151378956903925101495326562814701199832699220006639287537471313523642158926512620
40728877165783584052196460541054354436421665622445650429990102565869272791427529311720827939377513261060528812353734510683729398935808712438693859343891757133763007203197608166044646839377258069092372975234867029169104263692620901996052041210240776481903160140858635584276095370865581642739953493465463145040401995285372520049578052546562511541092524
37991326262713609099402902262062836752132305065183934057450112099341464918433323646569371725914489324159006242020612885732926133596808726500045628284557574596592120530341310111827501306961509835515632004310784601906565493806542525229161991819959602752327702249855738824899882707465936355768582560518068964285376850772012220347920993936179268206590142
16561592530673794456894907085326356819683186177226824991147261573203580764629811624401331673789278868922903259334986179702199498192573961767307583441709855922217017182571277753449150820527843090461946083521740200583867284970941102326695392144546106621500641067474020700918991195137646690448126725369153716229079138540393756007783515337416774794210038
40023089518509945487790393461222208650601605003517762648316111533255877050735412792499098593734737870811942530551214369797499149518605359204038302357163527276308746932196221900642608861836761033460022554774778136410126919065696864950126883762969072339612762872230411418136100602640440300359969889199458273976241146137448040596970625767647237660655416
18574690527229238228275186799156983390747671146103022776606020061246876477728819096791613354019881402757992174167678799231603963569492851513633647219540611171767387372555728522940054361785176502307544693869307873499110352182532929726044553210797887711449898870911511237250604238753734841257086064069052058452122754533848008205302450456517669518576913
20004281675805492481178051983264603244579282973012910531838563682120621553128866856495651261389226136706409395333457052698695969235035309422454386527867767302754040270224638448355323991475136344104405009233036127149608135549053153902100229959575658370538126196568314428605795669662215472169562087001372776853696084070483332513279311223250714863020695
12453950037357233468070946564830892098015348787056334910923660575540508641115214414814346304372732710450277686619531078583233348578402971609252153260925589326556006721243594642550659967717703884453961816328796144608177892721718369088801267782074301064225246348074543004764928855534090621851536543554741254761527697726677697727770583158014121856880117
05028365275543214803488004442979998062157904564161957212784508928489806426497427090579129069217807298769477975112447305991406050629946894280931034216416629935614828130998870745292716048433630818404126469637925843094185442216359084576146078558562473814931427078266215185541603870206876980461747400808324343665382354555109449498431093494759944672673665
35251766270677219418319197719637801570216993367508376005716345464367177672338758864340564487156696432104128259564534984138841289042068204700761559691684303899934836679354254921032811336318472259230555438305820694167562999201337317548912203723034907268106853445403599356182357631283776764063101312533521214199461186935083317658785204711236433122676512
99641713252175135532618676819423387903654689080018271352835848884441117612341011799187092365071848578562210211040097769944531217950224795780695065329659403839873699072407976790408267940076187295478359634927939045769736616434053597922192858705749574816966940623342726197335181366260637359825755524965098072601236682836059283418558480269584137725589708
83789942910549800331113884603401939166122186696058491571485733568286149500019097591125218800396419762163559375743718011480559442298730418196808085647265713547612831629200449880315402105530597076666362749328308916880932359290081787411985738317192616728834918402429721290434965526942726402559641463525914348400675867690350382320572934132981593533044446
49682944136732344215838076169483121933311981906109614295220153617029857510559432646146850545268497576480780800922133581137819774927176854507553832876887447459159373116247060109124460982942484128752022446259447763874949199784044682925736096853454984326653686284448936570411181779380644161653122360021491876876946739840751717630751684985635920148689294